0:
- cam_R_m2c: [-0.8180117957068306, 0.5752014344973435, -0.0001087965296986237, -0.4797758257344343,
    -0.6824083889317724, -0.5514834066011278, -0.31728829024300353, -0.45106773379143555,
    0.8341858548350783]
  cam_t_m2c: [90.38300323486328, 16.506099700927734, 289.51568603515625]
  obj_bb: [372, 194, 135, 172]
  obj_id: 17
1:
- cam_R_m2c: [-0.8180117957068306, 0.5752014344973435, -0.0001087965296986237, -0.4797758257344343,
    -0.6824083889317724, -0.5514834066011278, -0.31728829024300353, -0.45106773379143555,
    0.8341858548350783]
  cam_t_m2c: [90.38300323486328, 16.506099700927734, 289.51568603515625]
  obj_bb: [372, 194, 135, 172]
  obj_id: 17
2:
- cam_R_m2c: [-0.9653944459916631, 0.11100636209694828, 0.23598972694261652, 0.18621699507602307,
    -0.3401077285144586, 0.9217645923713882, 0.18258366409212493, 0.9338117158071729,
    0.30766684096268415]
  cam_t_m2c: [14.833499908447266, -24.7726993560791, 396.64959716796875]
  obj_bb: [295, 144, 63, 139]
  obj_id: 17
3:
- cam_R_m2c: [-0.9653944459916631, 0.11100636209694828, 0.23598972694261652, 0.18621699507602307,
    -0.3401077285144586, 0.9217645923713882, 0.18258366409212493, 0.9338117158071729,
    0.30766684096268415]
  cam_t_m2c: [14.833499908447266, -24.7726993560791, 396.64959716796875]
  obj_bb: [295, 144, 63, 139]
  obj_id: 17
